01  乾     7   7 
02  坤     0   0 
03  屯     2   4 
04  蒙     1   2 
05  需     2   7 
06  讼     7   2 
07  师     0   2 
08  比     2   0 
09  小畜   3   7 
10  履     7   6 
11  泰     0   7 
12  否     7   0 
13  同人   7   5 
14  大有   5   7 
15  谦     0   1 
16  豫     4   0 
17  随     6   4 
18  蛊     1   3 
19  临     0   6 
20  观     3   0 
21  噬嗑   5   4 
22  贲     1   5 
23  剥     1   0 
24  复     0   4 
25  无妄   7   4 
26  大畜   1   7 
27  颐     1   4 
28  大过   6   3 
29  坎     2   2 
30  离     5   5 
31  咸     6   1 
32  恒     4   3 
33  遁     7   1 
34  大壮   4   7 
35  晋     5   0 
36  明夷   0   5 
37  家人   3   5 
38  睽     5   6 
39  蹇     2   1 
40  解     4   2 
41  损     1   6 
42  益     3   4 
43  夬     6   7 
44  姤     7   3 
45  萃     6   0 
46  升     0   3 
47  困     6   2 
48  井     2   3 
49  革     6   5 
50  鼎     5   3 
51  震     4   4 
52  艮     1   1 
53  渐     3   1 
54  归妹   4   6 
55  丰     4   5 
56  旅     5   1 
57  巽     3   3 
58  泽     6   6 
59  涣     3   2 
60  节     2   6 
61  中孚   3   6 
62  小过   4   1 
63  既济   2   5 
64  未济   5   2 
